35085
45552
12007
64534
57587
43887
48559
29678
52149
46749
53802
54172
57318
55009
27277
60470
40661
42647
32861
46372
49517
2920
14935
43560
33597
60087
44567
31097
25083
58299
13443
60169
38316
25450
59167
30367
3802
42190
60045
55951
23403
48311
44587
15185
37785
6329
10120
12910
48976
42981
59283
32957
45902
8682
10981
13963
3233
55549
45061
28317
48312
58504
22950
21092
18419
16581
51459
22221
58771
45969
12636
16639
28744
57224
31824
993
63553
41944
13904
46993
19390
7651
14414
65292
16333
25395
13719
19566
15408
58780
47883
63721
51749
5297
19277
4632
21878
5201
26853
15114
51170
39489
31753
14378
31177
63577
15372
29194
39986
29276
10651
59376
36927
25065
59132
53260
50461
7315
7290
333
560
55174
64054
52309
60471
17796
56941
16814
22997
18258
31928
8631
57747
63681
23009
23389
61722
38381
52583
36172
2121
63235
30012
39048
22764
23608
26772
7689
30924
34063
8023
31484
23701
6541
18257
18636
24337
9662
35450
47334
27920
1842
55965
20131
65523
13439
43520
61710
51820
30568
32346
53942
28267
62359
27454
51031
20431
54227
58721
51355
22754
1208
17303
46455
7749
35560
65091
32087
45222
35006
13885
7606
36848
4315
27738
36836
17754
5722
33010
4038
36290
65356
57980
64557
62179
19899
50053
17075
8590
43238
2894
31344
44446
20198
12263
52195
55758
11818
18746
35445
46824
32632
43051
18137
36947
5253
54973
54701
10976
22447
58739
47266
22267
51184
46288
18911
5547
30805
35986
14137
8507
38880
45481
52953
59078
57744
39612
49301
4026
58359
19210
50851
25455
62261
3452
62402
1979
58425
51567
12955
15336
44770
60221
37603
30418
40973
56514
35965
6242
26964
50102
14749
309
30047
2166
59387
22255
41779
43152
26282
34602
62362
11597
60057
59088
15049
56923
61067
7938
42954
8486
23274
22188
3171
60877
52607
44145
51856
23036
50387
13284
7603
65137
13593
37650
1767
7445
59906
43546
50597
20652
12612
47424
32249
7133
40976
47298
64056
36507
55236
41474
44993
12974
63663
48164
8315
50734
26773
60171
8234
11625
7920
15837
11226
21513
53488
12993
28958
47858
56540
14020
2974
3616
61444
35223
10750
36884
16985
9270
7855
6685
50745
52848
19659
48872
35476
27974
34070
62250
22610
42304
8339
30530
58142
19565
52043
46094
32558
15466
28416
23562
29486
31390
27179
25394
1077
37929
62278
18062
47199
4597
24747
32408
57445
44406
15744
27385
6844
49814
24099
29454
26583
32438
59984
19189
52003
46492
65283
19026
61958
28163
42588
25908
59553
4231
51302
60630
42160
48044
13156
23824
52641
37903
56232
44550
16773
6441
6399
23617
56255
30499
53072
17302
62937
47520
36491
49405
28476
36238
2895
24898
64401
45483
50806
58418
49715
36572
53512
26339
19080
1132
50163
6185
39035
40860
50735
55808
47301
57135
13890
38020
22098
1426
55323
19499
48946
26278
3368
11887
62517
6263
36785
61382
51747
22056
54265
35926
58628
42241
62265
12173
43374
46893
18358
16873
22217
3558
7146
3982
60693
21036
42002
17255
22462
31789
36754
5872
58068
40123
17759
55049
46386
54545
50895
32597
11065
39624
2987
4157
16330
65253
16330
59704
46610
34689
11041
3291
38247
18187
7273
33404
39223
49275
50659
61685
15529
21877
2022
8061
62000
19781
63110
42851
8790
48469
9912
19855
22558
12900
24013
38888
12617
40343
33056
59227
9496
44097
62518
47743
62285
4255
15611
35972
53530
734
32122
3523
22612
34144
11584
19076
53925
9158
61927
62716
57628
6304
17035
14650
19204
41048
53538
31821
15856
21058
25512
25352
65155
22494
7560
61904
26749
23171
32341
14743
23906
64463
18267
46518
33071
29851
58
21460
39010
61986
18640
31102
2754
35676
45752
21958
11188
33754
53779
27044
54812
13755
52397
54431
36249
59957
50800
62998
17592
17605
12205
41498
16532
30472
22480
49603
60324
22539
5527
33798
18989
24168
64900
21743
59844
45116
43701
5496
13334
31944
32541
2610
45699
19402
57041
16412
13823
42305
13874
31415
59910
26079
7378
10906
56552
29858
60509
51340
52397
501
19602
5850
24669
18966
27593
18977
64082
5758
24473
11880
37702
57014
14490
17865
10880
5995
34277
24703
48301
48151
56119
42675
8695
63497
53582
65247
27819
48555
51051
14681
49056
5117
20531
8189
24083
48125
27166
22629
53883
51640
34509
26050
43118
48999
43915
53999
54994
12657
13166
37759
60808
3749
14899
3967
1710
2945
3678
29530
51500
54729
44211
35021
59846
64742
43210
18393
47331
4841
41022
35679
56481
9995
61729
34063
58994
40108
22526
48453
52765
35693
20676
48038
39442
35575
52005
41153
38520
55684
5147
24485
44877
49358
59506
39188
48564
37180
57581
30360
42021
33068
503
32966
43063
62232
1494
36522
36804
24020
19439
24034
59713
40115
6536
33620
10155
58541
9237
48675
48689
14384
7624
28031
63742
1594
1683
46770
38775
59264
11594
15260
26796
12097
48227
4324
8793
49721
40846
45598
8205
60285
4096
2383
34864
10632
36003
45019
3637
45240
28159
52327
59624
35783
14822
57830
37378
16505
39064
10617
10233
50659
25877
37030
62756
8568
41354
6014
58289
16664
51612
959
11413
55708
3342
46277
804
39345
25761
4441
19049
53920
56768
13137
24167
6054
5431
61545
22559
44495
6626
32793
29618
32504
4287
26839
41072
45641
32853
33826
62305
18929
34785
8182
9101
38127
54459
9905
11936
14684
14346
30985
3068
5579
44122
27236
11633
49553
23245
34193
28512
29872
1450
58131
62376
5737
19434
37912
51378
52287
6202
48147
5680
40987
56329
14781
13578
45252
24686
25514
59937
39032
56499
63005
44611
35085
24705
56245
19102
47951
24902
47615
12287
26352
40210
9127
32089
59644
47039
17931
46395
53242
542
52075
28693
56871
1320
42272
36587
26006
2250
30988
65038
58750
28458
44114
28299
53163
34823
47402
35578
59725
29481
47865
20541
4155
56992
52630
63799
38496
5025
44658
26202
5567
31197
54895
62438
32517
31631
33489
58523
33882
64478
58025
27096
27400
36603
55395
15027
5890
37261
50606
79
1206
32935
20620
5361
24392
7714
3624
62888
12739
48282
23554
18306
13943
12913
15208
46460
44545
48698
39447
12891
47640
31937
39987
9504
3004
29846
24531
8895
1572
9601
8974
2778
537
29595
8140
1393
37309
11764
64281
50049
60047
22299
2819
8454
